8 1
0 1079 0 1919
1001.7 1000.72 959.5 539.5
-7.33848e-05
0.877795 -0.0145563 0.478814 
-0.224011 -0.89599 0.383434 
0.423432 -0.443836 -0.789757 
-2.40724 -0.119488 5.21731 
0 1079 0 1919
1495.44 1494.95 959.5 539.5
1.13305e-05
0.413679 -0.0353691 0.909736 
-0.352888 -0.927357 0.124412 
0.83925 -0.372501 -0.396109 
-2.25923 0.699606 4.50065 
0 1079 0 1919
1005.03 997.634 959.5 539.5
-9.73305e-05
-0.518368 -0.0352848 0.854429 
-0.471551 -0.821723 -0.320017 
0.713396 -0.568794 0.409317 
-1.12366 0.759467 2.996 
0 1079 0 1919
995.534 993.482 959.5 539.5
-8.30619e-05
-0.948997 -0.0318736 0.313671 
-0.15993 -0.808715 -0.56604 
0.271712 -0.587336 0.762371 
1.24477 0.921189 2.64139 
0 1079 0 1919
991.911 985.92 959.5 539.5
-7.11338e-05
-0.904693 -0.00149231 -0.426062 
0.219882 -0.858172 -0.463889 
-0.364942 -0.51336 0.77671 
2.57694 0.448859 3.91768 
0 1079 0 1919
1013.25 1013.43 959.5 539.5
-6.34281e-05
-0.233517 0.0254552 -0.972019 
0.517673 -0.842953 -0.146442 
-0.823094 -0.537385 0.183667 
2.06739 -1.38471 6.68692 
0 1079 0 1919
991.56 990.224 959.5 539.5
-6.46831e-05
0.466934 0.0288074 -0.883823 
0.395148 -0.90093 0.179396 
-0.791095 -0.433008 -0.432057 
0.208744 -1.14087 7.75667 
0 1079 0 1919
1003.89 1005.24 959.5 539.5
-8.0609e-05
0.963026 0.0143221 -0.269027 
0.145139 -0.868866 0.473294 
-0.22697 -0.494841 -0.838819 
-1.72805 -1.19528 6.50826 
