7 1
0 1079 0 1919
1575.03 1567.9 959.5 539.5
2.5449e-05
-0.71991 -0.0288575 -0.693468 
0.251328 -0.942168 -0.221704 
-0.646966 -0.333895 0.685529 
2.12391 0.667226 6.04567 
0 1079 0 1919
2301.5 2292.87 959.5 539.5
3.33517e-05
-0.352742 -0.0179401 -0.935549 
0.238617 -0.968486 -0.0713967 
-0.904784 -0.248423 0.345906 
2.0335 0.619574 8.60003 
0 1079 0 1919
2139.97 2133.87 959.5 539.5
3.67719e-05
0.283089 -0.0183178 -0.958918 
0.253655 -0.962787 0.0932746 
-0.924943 -0.26964 -0.267908 
0.821476 0.176892 9.59421 
0 1079 0 1919
1252 1245.72 959.5 539.5
3.70943e-07
0.999142 -0.0008688 -0.0414065 
0.0167817 -0.905538 0.423934 
-0.0378638 -0.424265 -0.904746 
-1.7906 -0.156525 6.64856 
0 1079 0 1919
1152.05 1148.2 959.5 539.5
-4.58445e-05
0.498282 -0.000736216 0.867014 
-0.455542 -0.851069 0.261081 
0.737697 -0.525053 -0.424408 
-2.45559 0.526738 4.19702 
0 1079 0 1919
1074.86 1071.08 959.5 539.5
-3.2851e-05
-0.495452 0.00242484 0.868632 
-0.417122 -0.877818 -0.235469 
0.761929 -0.478989 0.435928 
-0.591484 1.42794 2.89985 
0 1079 0 1919
999.039 995.663 959.5 539.5
-7.05565e-05
-0.988395 -0.0177795 -0.150863 
0.0927336 -0.857221 -0.50653 
-0.120318 -0.514642 0.848921 
1.02784 1.04052 3.33202 
